;脚本名称   地图名称 X坐标 Y坐标   NPC名称   标志    形象  是否属于沙  是否移动  移动间隔   是否允许变色  变色速度（秒）
英雄系统	3	340	321	英雄领取\盟重	0	36	0	0	0       0          0      2
沙城炼武	0151	12	10	沙城炼武器老板	0	0	0	0	0
拍卖系统	3	320	320	拍卖系统\盟重	0	52	0	0	0
元素系统	3	319	325	装备大师\盟重	0	0	0	0	0       1          3
;┄┄┄┄┄┄┄┄┄┄┄┄┄┄┄┄┄┄┄┄┄┄┄┄┄┄┄┄┄┄┄┄┄┄┄┄┄┄┄┄┄┄┄┄┄┄┄┄┄┄┄┄┄┄┄┄
比奇省/比奇传送员	0	328	267	比奇车夫	0	8	0	0	0
比奇省/比奇省商人	0	337	261	比奇省大奸商	0	18	0	0	0
比奇省/比齐夏家店	0	324	291	夏家店老板	0	5	0	0	0
比奇省/银杏传送员	0	652	623	银杏村长	0	9	0	0	0     0          0        3
比奇省/边界传送员	0	293	614	边界村长	0	9	0	0	0     0          0        3
;┄┄┄┄┄┄┄┄┄┄┄┄┄┄┄┄┄┄┄┄┄┄┄┄┄┄┄┄┄┄┄┄┄┄┄┄┄┄┄┄┄┄┄┄┄┄┄┄┄┄┄┄┄┄┄┄
盟重省/盟重省传送	3	341	330	盟重车夫	0	8	0	0	0           1          3
盟重省/盟重省老兵	3	341	335	特殊服务	0	49	0	0	0           1          3
盟重省/盟重省仓库	0145	9	12	贵重物品保管员	0	12	0	0	0
盟重省/盟重省无限仓库	0145	3	12	垃圾物品保管员	0	12	0	0	0
盟重省/盟重省服装	0149	23	20	周家布衣商行	0	7	0	0	0
盟重省/盟重省头盔	0149	8	5	盟重头盔店	0	5	0	0	0
盟重省/盟重省铁匠	0159	5	9	盟重铁匠铺	0	0	0	0	0
盟重省/盟重省戒指	0158	11	16	盟重戒指店	0	5	0	0	0
盟重省/盟重省宝石	0149	11	18	宝石靴子腰带店	0	6	0	0	0
盟重省/盟重省手镯	0158	16	11	盟重手镯店	0	6	0	0	0
盟重省/盟重省项链	0158	4	21	盟重项链店	0	4	0	0	0
盟重省/盟重省书店	0161	11	16	盟重书店	0	2	0	0	0
盟重省/盟重省杂货	3	346	334	盟重杂货店	0	19	0	0	0
盟重省/盟重省药店	3	361	335	盟重药店	0	21	0	0	0
盟重省/沙巴克小贩	3	663	304	沙城小贩	0	3	1	0	0
盟重省/沙巴克仓库	0152	7	12	沙城仓库员	0	12	1	0	0
盟重省/沙巴克药店	0153	14	7	沙城药店	0	1	1	0	0
盟重省/沙巴克手镯	0154	14	7	沙城手镯店	0	6	1	0	0
盟重省/沙巴克项链	0154	3	18	沙城项链店	0	6	1	0	0
盟重省/沙巴克戒指	0154	10	15	沙城戒指店	0	5	1	0	0
盟重省/沙巴克衣服	0155	13	7	沙城衣服店	0	7	1	0	0
盟重省/沙巴克头盔	0155	9	11	沙城头盔店	0	5	1	0	0
盟重省/红名村老人	3	855	661	红名村老人	0	3	0	0	0
盟重省/酒馆人物一	3	379	304     辰星	        0	73	0	0	0
盟重省/酒馆人物二	3	380	305	影月	        0	74	0	0	0
盟重省/酒馆人物三	3	380	304	翔天     	0	75	0	0	0
;┄┄┄┄┄┄┄┄┄┄┄┄┄┄┄┄┄┄┄┄┄┄┄┄┄┄┄┄┄┄┄┄┄┄┄┄┄┄┄┄┄┄┄┄┄┄┄┄┄┄┄┄┄┄┄┄
白日门/白日门传送	11	180	318	白日门车夫	0	8	0	0	0
白日门/白日门商人	11	182	324	白日门大奸商	0	18	0	0	0
;┄┄┄┄┄┄┄┄┄┄┄┄┄┄┄┄┄┄┄┄┄┄┄┄┄┄┄┄┄┄┄┄┄┄┄┄┄┄┄┄┄┄┄┄┄┄┄┄┄┄┄┄┄┄┄┄
封魔谷/封魔谷传送	4	240	194	封魔谷车夫	0	8	0	0	0
封魔谷/封魔谷商人	4       242     194	封魔谷大奸商	0	18	0	0	0
封魔谷/封魔谷炼药	4	229	254	封魔谷炼药师	0	22	0	0	0
;┄┄┄┄┄┄┄┄┄┄┄┄┄┄┄┄┄┄┄┄┄┄┄┄┄┄┄┄┄┄┄┄┄┄┄┄┄┄┄┄┄┄┄┄┄┄┄┄┄┄┄┄┄┄┄┄
苍月岛/苍月岛传送	5	138	337	苍月岛车夫	0	8	0	0	0
苍月岛/苍月岛商人	5	145	329	苍月大奸商	0	18	0	0	0
;┄┄┄┄┄┄┄┄┄┄┄┄┄┄┄┄┄┄┄┄┄┄┄┄┄┄┄┄┄┄┄┄┄┄┄┄┄┄┄┄┄┄┄┄┄┄┄┄┄┄┄┄┄┄┄┄
魔龙城/魔龙城传送	6	125	152	魔龙城车夫	0	8	0	0	0
魔龙城/魔龙城商人	6	129	143	魔龙城大奸商	0	18	0	0	0
;┄┄┄┄┄┄┄┄┄┄┄┄┄┄┄┄┄┄┄┄┄┄┄┄┄┄┄┄┄┄┄┄┄┄┄┄┄┄┄┄┄┄┄┄┄┄┄┄┄┄┄┄┄┄┄┄
其他类/行会管理	        3	319	336	行会管理\盟重	0	15	0	0	0
;其他类/比武擂台  	3	319	331	比武擂台\盟重	0	15	0	0	0
;其他类/擂台裁判         K002	19	10	擂台老人	0	1	0	0	0
其他类/兽王任务	        DM001	2	8	小林奸商    	0	14	0	0	0
其他类/群英擂台	        G004	40	40	群英裁判        0	15	0	0	0
其他类/战士擂台	        GA2A    11      25	武将裁判        0	15	0	0	0
其他类/法师擂台	        GA2B    11      25	法神裁判        0	15	0	0	0
其他类/道士擂台	        GA2C    11      25	天尊裁判        0	15	0	0	0
其他类/七星任务	        11	172	331	七星珠守护神	0	16	0	0	0
其他类/打工管家	        2	503	485	打工管家	0	25	0	0	0
;其他类/元宝刷怪        0139	17      22      元宝刷怪员	0	11	0	0	0
其他类/行会裁判	        D024A   50      50      行会比赛裁判    0       15      0       0       0
其他类/行会准备	        D024B   50      50      行会供给商人    0       11      0       0       0
其他类/幻境商贩	        H003	83	83	w尔世界	0	15	0	0	0
其他类/幻境商店	        H007	170	170	幻境商人	0	3	0	0	0
其他类/幻境小贩	        H203	21	17      影之道商贩  	0	3	0	0	0
其他类/藏剑山庄         GA0     65      66      山庄总管        0       16      0       0       0
其他类/藏剑山庄         GA1     15      25      庄主叶南天      0       15      0       0       0
其他类/武圣猛将         T103    11      10      武圣猛将        0       15      0       0       0
其他类/灭世魔神         T103A   11      10      灭世魔神        0       15      0       0       0
其他类/无极天尊         T103B   11      10      无极天尊        0       15      0       0       0
其他类/武林至尊         T240    15       9      武林至尊        0       15      0       0       0
其他类/神秘宝藏         Hero1   63      45      神秘宝箱        0       54      0       0       0
其他类/火龙宝藏         Hero1   60      46      火龙宝藏        0       58      0       0       0
其他类/火龙宝藏         Hero1   64      42      火龙宝藏        0       59      0       0       0
其他类/火龙宝藏         Hero1   62      43      火龙宝藏        0       60      0       0       0
其他类/装饰宝箱         Hero1   61      40      02358541052     0       62      0       0       0
其他类/装饰宝箱         Hero1   60      39      13677866        0       63      0       0       0
其他类/装饰宝箱         Hero1   59      40      6231316861      0       64      0       0       0
其他类/装饰宝箱         Hero1   62      38      6231316862      0       64      0       0       0
其他类/装饰宝箱         Hero1   61      37      6231316863      0       64      0       0       0
其他类/装饰宝箱         Hero1   57      41      6231316864      0       64      0       0       0
其他类/装饰宝箱         Hero1   56      43      623131686       0       64      0       0       0
其他类/装饰宝箱         Hero1   58      41      58541052        0       62      0       0       0
其他类/装饰宝箱         Hero1   57      42      94113677866     0       62      0       0       0
其他类/装饰宝箱         Hero1   58      43      6231316865      0       61      0       0       0
其他类/装饰宝箱         Hero1   59      42      6231316866      0       60      0       0       0
其他类/装饰宝箱         Hero1   58      39      6231316867      0       57      0       0       0
其他类/卧龙笔记         3       321     342     卧龙笔记        0       65      0       0       0
其他类/橙色古书         Hero1   63      185     橙色卧龙古书    0       66      0       0       0
其他类/红色古书         Hero1   192     191     红色卧龙古书    0       67      0       0       0
其他类/黄色古书         Hero1   89      141     黄色卧龙古书    0       68      0       0       0
其他类/绿色古书         Hero1   147     90      绿色卧龙古书    0       69      0       0       0
其他类/蓝色古书         Hero1   219     59      蓝色卧龙古书    0       70      0       0       0
其他类/静寂岛一         N111    43      13      静寂岛主一      0       15      0       0       0
其他类/静寂岛二         N112    10      7       静寂岛主二      0       15      0       0       0
其他类/静寂岛三         N113    40      6       静寂岛主三      0       15      0       0       0
其他类/静寂岛四         N108    9      16       静寂岛主四      0       15      0       0       0
;其他类/跑马裁判         D2010   283    274      跑马裁判A       0       8       0       0       0       0          0      2
;其他类/跑马裁判         D2001   255    268      跑马裁判B       0       8       0       0       0       0          0      2
;其他类/跑马裁判         D2003   287    277      跑马裁判C       0       8       0       0       0       0          0      2
;┄┄┄┄┄┄┄┄┄┄┄┄┄┄┄┄┄┄┄┄┄┄┄┄┄┄┄┄┄┄┄┄┄┄┄┄┄┄┄┄┄┄┄┄┄┄┄┄┄┄┄┄┄┄┄┄
闯天关/天关统领	        EM001	14	16	天关统领	0	8	0	0	0
闯天关/天关统领	        EM002	14	16	天关统领	0	8	0	0	0
闯天关/天关统领	        EM003	14	16	天关统领	0	8	0	0	0
闯天关/天关统领	        EM004	14	16	天关统领	0	8	0	0	0
闯天关/天关统领	        EM005	14	16	天关统领	0	8	0	0	0
闯天关/天关统领	        EM006	14	16	天关统领	0	8	0	0	0
闯天关/天关统领	        EM007	14	16	天关统领	0	8	0	0	0
闯天关/天关统领	        EM008	14	16	天关统领	0	8	0	0	0
闯天关/天关统领	        EM009	14	16	天关统领	0	8	0	0	0
闯天关/天关统领	        EM010	14	16	天关统领	0	8	0	0	0