;┄┄┄┄┄┄┄┄┄┄┄┄┄┄┄┄┄┄┄┄┄┄┄┄┄┄┄┄┄┄┄┄┄┄┄
;w尔世界 www.cqfir.com  制作人:周行  QQ: 13677866  电话:023-58541052  
;┄┄┄┄┄┄┄┄┄┄┄┄┄┄┄┄┄┄┄┄┄┄┄┄┄┄┄┄┄┄┄┄┄┄┄
;地图      x     y       名称         范围     数量    时间  集中座标刷新机率 1 -100  变色(>255自动变色 0-255 256种固定颜色)
3       333    333       神鹰          300      30      120
0	665	87	弓箭护卫	0	1	10
0	666	86	弓箭护卫	0	1	10
0	671	94	弓箭护卫	0	1	10
0	672	93	弓箭护卫	0	1	10
0	340	513	弓箭护卫	0	1	10
0	341	514	弓箭护卫	0	1	10
0	367	487	弓箭护卫	0	1	10
0	368	488	弓箭护卫	0	1	10
0	318	244	弓箭护卫	0	1	10
0	300	207	弓箭护卫	0	1	10
0	310	227	弓箭护卫	0	1	10
0	313	230	弓箭护卫	0	1	10
0	316	279	弓箭护卫	0	1	10
0	329	289	弓箭护卫	0	1	10
0	355	280	弓箭护卫	0	1	10
0	362	301	弓箭护卫	0	1	10
0	374	291	弓箭护卫	0	1	10
0	321	257	弓箭护卫	0	1	10
0	301	319	弓箭护卫	0	1	10
0	335	309	弓箭护卫	0	1	10
0	339	313	弓箭护卫	0	1	10
0	320	36	弓箭护卫	0	1	10
0	327	42	弓箭护卫	0	1	10
3	325	311	弓箭护卫	0	1	10
3	348	332	弓箭护卫\任务	0	1	10  -  256
3	296	334	弓箭护卫	0	1	10
3	302	340	弓箭护卫	0	1	10
3	305	290	弓箭护卫	0	1	10
3	288	305	弓箭护卫	0	1	10
3	302	370	弓箭护卫	0	1	10
3	335	319	弓箭护卫	0	1	10
3	339	313	弓箭护卫	0	1	10
3	273	743	弓箭护卫	0	1	10
3	272	744	弓箭护卫	0	1	10
3	512	770	弓箭护卫	0	1	10
3	519	777	弓箭护卫	0	1	10
1	51	165	弓箭护卫	0	1	10
1	52	171	弓箭护卫	0	1	10
1	566	544	弓箭护卫	0	1	10
1	555	544	弓箭护卫	0	1	10
1	43	37	弓箭护卫	0	1	10
1	49	31	弓箭护卫	0	1	10
11	45	482	弓箭护卫	0	1	10
11	188	320	弓箭护卫	0	1	10
5	153	332	弓箭护卫	0	1	10
5	128	333	弓箭护卫	0	1	10
4	243	187	弓箭护卫	0	1	10
6	112	149	弓箭护卫	0	1	10
6	138	158	弓箭护卫	0	1	10
4       255     230     恶魔弓箭手      0       1       10
4       256     231     恶魔弓箭手      0       1       10
4       254     229     恶魔弓箭手      0       1       10
4       253     228     恶魔弓箭手      0       1       10 
4       252     227     恶魔弓箭手      0       1       10
4       250     235     恶魔弓箭手      0       1       10
4       251     236     恶魔弓箭手      0       1       10
4       249     234     恶魔弓箭手      0       1       10
4       248     233     恶魔弓箭手      0       1       10
4       247     232     恶魔弓箭手      0       1       10
4       253     183     恶魔弓箭手      0       1       10
4       252     184     恶魔弓箭手      0       1       10
4       251     185     恶魔弓箭手      0       1       10
4       250     186     恶魔弓箭手      0       1       10
4       249     187     恶魔弓箭手      0       1       10
4       257     186     恶魔弓箭手      0       1       10
4       256     187     恶魔弓箭手      0       1       10
4       255     188     恶魔弓箭手      0       1       10
4       254     189     恶魔弓箭手      0       1       10
4       253     190     恶魔弓箭手      0       1       10
4       215     193     恶魔弓箭手      0       1       10
4       219     189     恶魔弓箭手      0       1       10
;------------------------------------------------------
;白日门虎卫堂
1002  12    12    虎卫            5     2     60
1002  12    12    鹰卫            5     2     60
;------------------------------------------------------
；比奇省
;------------------------------------------------------ 
0115  10  10      藏剑弟子        5     5   60     
;------------------------------------------------------
；比奇矿区
;------------------------------------------------------ 
D401  100   100   尸王1           100   50   20
D401  169   36    尸王            1     1    180
;--------------------------------------------------------
；沃玛三
;-------------------------------------------------------- 
D024  50    50    沃玛教主        20    3     60
D024  50    50    沃玛卫士        30    2     30
D024  50    40    沃玛勇士        50    80     5
D024  50    40    沃玛战将        50    80     5
D024  50    40    火焰沃玛        50    80     5
;------------------------------------------------------
；祖玛4-7层
;------------------------------------------------------ 
D5072 50    50    祖玛雕像        50    20    8
D5072 50    50    祖玛雕像3       50    30    5
D5072 50    50    祖玛卫士        50    20    8
D5072 50    50    祖玛卫士3       50    30    5
D5072 50    50    祖玛卫士00      50    10    15
D5072 50    50    祖玛弓箭手      50    10    8
D5072 50    50    祖玛弓箭手3     50    30    4
D5072 50    50    楔蛾            50    40    8

D5073 50    50    祖玛雕像        50    10    8
D5073 50    50    祖玛卫士        50    10    8
D5073 50    50    祖玛弓箭手      50    10    8
D5073 50    50    楔蛾            50    40    8
D5073 50    50    祖玛雕像3       50    30    4
D5073 50    50    祖玛卫士3       50    30    4
D5073 50    50    祖玛卫士00      50    30    15
D5073 50    50    祖玛弓箭手3     50    30    4

D5074 50    50    祖玛雕像        50    20    8
D5074 50    50    祖玛卫士        50    20    8
D5074 50    50    祖玛卫士00      50    10    25
D5074 50    50    祖玛弓箭手      50    20    8
D5074 73    22    楔蛾            7     10    11
D5074 50    50    祖玛雕像3       50    25    5
D5074 50    50    祖玛卫士3       50    25    5
D5074 50    50    祖玛弓箭手3     50    25    5

D515  73    22    楔蛾            7    10     10
D515  73    22    祖玛卫士00      7    15     10
D515  19    24    祖玛教主        0     1     90
;-------------------------------------------------------
；蜈蚣洞
;------------------------------------------------------- 
D613  19    17    钳虫            100   60    4
D613  50    70    蜈蚣            80    60    4
D613  50    70    跳跳蜂          80    60    4
D613  50    70    巨型蠕虫        80    60    4
D613  50    70    黑色恶蛆        80    60    4
D613  50    70    邪恶钳虫        80    5     60
D613  62    73    触龙神          0     1    120
;------------------------------------------------------
；真假暗殿
;------------------------------------------------------ 
M001  200   200   祖玛教主1       200   20    30
M001  200   200   祖玛教主2       200   10    30
M001  200   200   赤月恶魔1       200   10    30
M001  200   200   赤月恶魔2       200   5     30
M001  200   200   虹魔教主1       200   20    30
M001  200   200   虹魔教主2       200   10    30
M001  200   200   黄泉教主1       200   20    30
M001  200   200   黄泉教主2       200   10    30
M001  200   200   牛魔王1         200   20    30
M001  200   200   牛魔王2         200   10    30
M001  200   200   幽冥统领1       200   20    30
M001  200   200   幽冥统领2       200   10    30
M001  200   200   重装使者1       200   20    30
M001  200   200   重装使者2       200   10    30
M001  200   200   龙邪教主1       200   5     120
M001  200   200   龙邪教主2       200   1     120
M001  200   200   魔龙教主1       200   10    60
M001  200   200   魔龙教主2       200   2     60
M001  200   200   万年树妖        200   2     120
M001  200   200   邪恶钳虫        200   2     30
M001  200   200   触龙神          200   2     90
M001  200   200   白野猪          200   10    30
M001  200   200   邪恶毒蛇        200   10    30
M001  200   200   双头金刚        200   5     30
M001  200   200   双头血魔        200   5     30
M001  200   200   千年树妖        200   2     90
M001  200   200   虹魔猪卫        200   5     30
M001  200   200   虹魔蝎卫        200   5     30

;------------------------------------------------------
；猪洞
;------------------------------------------------------ 
D716  25    25    红野猪          25    10     10
D716  25    25    黑野猪          25    10     10
D716  25    25    楔蛾            25    10     10
D716  25    25    蝎蛇            25    10     10
D716  25    25    黑色恶蛆        25    10     10

D717  100   100   黑色恶蛆        100   30    8
D717  100   100   楔蛾            100   50    8
D717  100   100   白野猪          100   40    20
D717  100   100   邪恶毒蛇        100   2     60

;桃源之门
D717 80	    28   石墓尸王         0     1    120
R001 114   122   蜜蜂             50    20   10
R001 93    104   变异骷髅0        150   100   30

;-------------------------------------------------------
；封魔通道
;--------------------------------------------------------- 
D2004 49    44    红野猪           80   100    4
D2004 49    44    黑野猪           80   100    5

D2005 41    44    白野猪           100   50    10
D2005 41    44    楔蛾             100   20    10
D2005 41    44    黑野猪           100   80    6
D2005 41    44    红野猪           100   80    6
D2005 41    44    黑色恶蛆         100   40    10

D2013 55    55    虹魔教主        50    2      120
D2013 43    44    祖玛雕像3       100   50    20
D2013 43    44    祖玛卫士3       100   50    20
D2013 43    44    祖玛弓箭手3     100   50    20
D2013 43    44    虹魔蝎卫        100   3     60
D2013 43    44    楔蛾            100   50    8
D2013 41    44    黑色恶蛆        100   60    10
;-------------------------------------------------------
；尸魔洞
;------------------------------------------------------- 
D2051 100   110   恶灵僵尸          100   100     15
D2051 100   110   恶灵尸王          100   100     15

D2052 50    50    恶灵僵尸          50    100    15
D2052 50    50    恶灵尸王          50    100    15
D2052 50    50    骷髅精灵8         50    3      60
D2052 50    50    恶灵教主          50    1     120

D2053 150   160   恶灵僵尸          150   100    10
D2053 150   160   恶灵尸王          150   100    10
;--------------------------------------------------------
；骨魔洞
;-------------------------------------------------------- 
D2061 100   100   骷髅弓箭手        100   80   20
D2061 100   100   骷髅长枪兵        100   80   20
D2061 100   100   骷髅刀斧手        100   80   20

D2064 110   115   骷髅弓箭手        100   80   20
D2064 110   115   骷髅锤兵          100   80   20
D2064 110   115   骷髅长枪兵        100   80   20

D2067 150   160   骷髅锤兵          150   80   10
D2067 150   160   骷髅弓箭手        150   80   10
D2067 150   160   骷髅锤兵          150   80   15
D2067 150   160   骷髅长枪兵        150   80   15
D2067 150   160   骷髅刀斧手        150   80   15
D2067 100   100   黄泉教主          5     1    120
;---------------------------------------------------------
；牛魔寺庙
;--------------------------------------------------------- 
D2078 200   200   牛头魔        150   50     20
D2078 200   200   牛魔斗士      150   50     20
D2078 200   200   牛魔将军      150   150    20
D2078 200   200   牛魔法师      150   100    20
D2078 200   200   牛魔战士      150   50     20
D2078 200   200   牛魔祭司      150   150    20

D2079 67    67    牛魔祭司      30    80     10
D2079 67    67    牛魔法师      30    100     10
D2079 67    67    牛魔将军      100   80     10
D2079 52    51    牛魔王        0     2     120
;---------------------------------------------------- 
;地图名：幽冥领地
F004 54    52      幽冥卫士             100    50       7
F004 54    52      幽冥雕像             100    50       5
F004 54    52      幽冥统领             100    1       120
F004 54    52      幽冥弓箭手           100    50       4
;------------------------------------------------------
；赤月
;------------------------------------------------------
D10051 150   150   月魔蜘蛛        150   80     10
D10051 150   150   黑锷蜘蛛        150   80     10
D10051 183   58    血僵尸          200   30     60
D10051 150   150   血巨人          150   10     30
D10051 150   150   花吻蜘蛛        150   80     10
D10051 150   150   钢牙蜘蛛        150   80     10

;;赤月恶魔老巢
D10062 12    18    月魔蜘蛛        15    25    3
D10062 12    18    血僵尸          15    5     20
D10062 12    18    暴牙蜘蛛        15    15     5
D10062 12    18    血巨人          15    5     20
D10062 12    18    黑锷蜘蛛        15    15    5
D10062 12    18    钢牙蜘蛛        15    15     5
D10062 17    21    花吻蜘蛛        21    10     5
D10062 23    18    赤月恶魔        0     1     120
;恶魔祭坛
D10061 14    19    月魔蜘蛛        15    25     3
D10061 14    19    血僵尸          15    4      3
D10061 14    19    暴牙蜘蛛        15    15     5
D10061 20    19    变异双头血魔    1    1     120
D10061 14    19    血巨人          15    5      3
D10061 30    30    黑锷蜘蛛        15    10     5
D10061 30    30    钢牙蜘蛛        15    15     5
D10061 10    21    变异双头金刚    1    1     120
D10061 30    30    血巨人          15    5     15
D10061 30    30    花吻蜘蛛        15    10    10

;-----------------------------------------------------
；幻境
;-----------------------------------------------------
H001 75 75      恶灵僵尸8       100     50      5
H001 75 75      恶灵尸王8       75      50      15
H001 75 75      蜈蚣8           75      50      5
H001 75 75      黑色恶蛆8       75      50      6
H001 75 75      跳跳蜂8         75      50      10
H001 75 75      钳虫8           75      50      10 

H002   304  340    红野猪8         200     100       17
H002   304  340    黑野猪8         200     100       10

H003    50      50      沃玛勇士8        50      80        4
H003    50      50      沃玛战士8        50      80        4
H003    50      50      火焰沃玛8        50      80        4
H003    50      50      沃玛卫士8        30      2        30 

H004   19   39     黑色恶蛆8         70     20       3
H004   97   81     黑色恶蛆8         70     20       8
H004   57   166    黑色恶蛆8         70     20       4
H004   178  127    黑色恶蛆8         70     20       8
H004   19   39     跳跳蜂8           70     15       5
H004   97   81     跳跳蜂8           70     25       6
H004   57   166    跳跳蜂8           70     15       7
H004   178  127    跳跳蜂8           70     25       8
H004   19   39     巨型蠕虫8         70     20       7
H004   97   81     巨型蠕虫8         70     20       7
H004   57   166    巨型蠕虫8         70     20       8
H004   178  127    巨型蠕虫8         70     20       9
H004   19   39     钳虫8             70     20       8
H004   97   81     钳虫8             70     20       8
H004   57   166    钳虫8             70     20       7
H004   178  127    钳虫8             70     20       7
H004   100  100    蜈蚣8             100    50       4
H004   100  100    邪恶钳虫8         100    2        60
H004   100  100    变异史莱姆8       50     1        60
H004   83    168   触龙神8           40     1        60

H005   100 125    骷髅锤兵8         100     50     10
H005   200 190    骷髅弓箭手8       100     50     10
H005   100 125    骷髅长枪兵8       100     50     10
H005   100 145    骷髅刀斧手8       100     50     10
H005   100 125    骷髅锤兵8         100     50     10
H005   100 125    黄泉教主8         100     1     120

H006    55  50     黑色恶蛆8         80     80        4
H006    55  50     楔蛾8             80     80        5
H006    55  50     蝎蛇8             80     50        7
H006    55  50     白野猪8           80     30       10
H006    55  50     邪恶毒蛇8         80      2       30 

H006    83   25	   石墓尸王8	    0	    1	      30
H007   100  100    祖玛弓箭手8      100     60        8
H007   100  100    祖玛雕像8        100     60        8
H007   100  100    祖玛卫士8        100     60        8
H007   100  100    楔蛾8            100     50        4 

H008   61    26    祖玛雕像8     100       50      10
H008   40    45    祖玛卫士8     100       50      10
H008   40    45    祖玛弓箭手8   100       50      10
H008   40    25    祖玛卫士8     100       50      10
H008   40    45    楔蛾8         60        60      10 
H008   40    45    虹魔蝎卫8      30        2      30
H008   40    45    虹魔猪卫8      30        2      30
H008   25    29    虹魔教主8      10        1      60

H009  242   152    月魔蜘蛛8    200        50      10
H009  242   152    天狼蜘蛛8    200        50       8
H009  242   152    钢牙蜘蛛8    200        50      10
H009  242   152    花吻蜘蛛8    200        50      10
H009  242   152    黑锷蜘蛛8    200        50      12
H009  128    91    血巨人8      200        10      20
H009  128    91    血僵尸8      200        10      20
H009  128    91    双头血魔8    120        2       120
H009  128    91    双头金刚8    120        2       120

H010  205  210     牛魔侍卫8        200        50      10
H010  205  210     牛魔法师8        200        50      10
H010  205  210     牛魔将军8        200        50      10
H010  205  210     牛魔祭司8        200        50      11
H010  205  210     赤月恶魔8        200        2       180
H010  205  210     暗之触龙神8      200        2       120
H010  205  210     牛魔王8          200        2       120
H010  205  210     暗之牛魔王8      200        2       120
H010  205  210     暗之双头金刚     200        2       180
H010  205  210     暗之虹魔教主     200        2       180
H010  205  210     暗之骷髅精灵     200        2       180
H010  205  210     暗之沃玛教主     200        2       180
H010  205  210     暗之双头血魔     200        2       180
H010  205  210     暗之黄泉教主     200        2       180
H010  205  210     重装使者         200        2       240
;-------------------------------------------------------
;王者禁地
;-----------------------------------------------------
H106	75  114	 	蝎子王	     150	 10	 17
H106	75  114	 	蜈蚣王	     150	 10	 17
H106	75  114	 	钉耙猫王     150	 10	 17
H106	75  114	 	多钩猫王     150	 10	 17
H106	75  114	 	虎蛇王	     150	 10	 17
H106	75  114	 	电僵王	     150	 20	 17
H106	75  114	 	红蛇王	     150	 10	 17
H106	75  114	 	雪蚕王	     150	 10	 17
H106	75  114	 	重装使者	 150	 2	 120
H106	75  114	 	暗之双头金刚	 150	 2	 90
H106	75  114	 	暗之虹魔教主	 150	 2	 90
H106	75  114	 	暗之骷髅精灵	 150	 2	 90
H106	75  114	 	暗之沃玛教主	 150	 2	 90
H106	75  114	 	暗之双头血魔	 150	 2	 90
H106    75  114	 	暗之黄泉教主	 150	 2	 90
H106    75  114	 	禁地力王	 150	 1	 180
;-------------------------------------------------------------
;沙巴克影之道一层
;------------------------------------------------------------- 
H201  100   100   僵尸             100   30    8
H201  100   100   蜈蚣8            100   30    10
H201  100   100   尸王8            100   10    20
H201  100   100   钳虫8            100   30    7
H201  100   100   恶灵尸王8        100   30    20
H201  100   100   变异史莱姆8      75    5     60
;---------------------------------------------------------
;沙巴克影之道二层
;--------------------------------------------------------- 
H202  100   100  祖玛卫士8        100   50    12
H202  100   100  祖玛卫士00       100   10    10
H202  100   100  祖玛弓箭手8      100   50    12
H202  100   100  祖玛雕像8        100   50    13
H202  100   100  楔蛾             100   50    5
;-----------------------------------------------------------
;沙巴克影之道三层
;-----------------------------------------------------------
H203  100   100  祖玛卫士8        100   30    8
H203  100   100  祖玛卫士00       100   10    8
H203  100   100  祖玛雕像8        100   50    9
H203  100   100  楔蛾             100   40    8
H203  100   100  祖玛弓箭手8      100   60    9
H203  100   50   祖玛教主         50    1     180
;-------------------------------------------------------------
;沙巴克藏宝阁
;-------------------------------------------------------------
H204  100  100  重装使者  	  20   1    120  -  251
H204  100 100   地藏魔王   	  50   1    180  -  250
H204  100  50   祖玛教主   	  50   1    120
H204  100 100   沃玛卫士    	  50   8    10
H204  100 100   暗之双头金刚      50   1    120
H204  100 100   暗之双头血魔      50   1    120
H204  100 100   暗之骷髅精灵      50   1    120
H204  100 100   暗之黄泉教主      50   1    120
H204  100 100   暗之虹魔教主      50   1    120
H204  100 100   暗之沃玛教主      50   1    120
H204  100 100   黄泉教主8  	  50   1    60
H204  100 100   虹魔教主8  	  50   1    80
H204  100 100   虹魔猪卫8   	  50   2    30
H204  100 100   虹魔蝎卫8   	  50   2    20
H204  100 100   邪恶毒蛇8   	  50   5    20
H204  100 100   白野猪8     	  50  20    10
H204  100 100   祖玛卫士8    	  50   25   7
H204  100 100   祖玛雕像8    	  50   20   7
H204  100 100   祖玛弓箭手8       50   35   7
H204  100 100   楔蛾8              50   30   5
;----------------------------------------------------------------
;6个爆衣服的刷怪
;--------------------------------------------------------------- 
T232  22    24    暗之沃玛教主   5   1     60
T339  18    26    暗之骷髅精灵   5   1     60
T219  50    80    暗之双头金刚   5   1     60
T315  150  140    暗之黄泉教主   5   1     60
T118  14    15    暗之双头血魔   5   1     60
T218  14    15    暗之虹魔教主   5   1     60
;-----------------------------------------------------------------
;魔龙城
;-----------------------------------------------------------------
63      160    206      魔龙刀兵       150     100     10
63      160    206      魔龙破甲兵     150     100     10
63      160    206      魔龙射手       150     100     10

631     110     100     魔龙射手       100      30      30
631     100     30      魔龙射手       100      30      30
631     105     53      魔龙射手       100      30      30
631     109     37      魔龙射手       100      30      30
631     90      57      魔龙射手       100      30      30

632     110     100     魔龙射手       100      50      30
632     32      31      魔龙射手       100      30      30
632     45      36      魔龙射手       100      30      30
632     60      60      魔龙射手       100      30      30

64     140     120      魔龙破甲兵      150     80     15
64     140     120      魔龙刀兵        150     80     15
64     140     120      魔龙射手        150     80     15
64     140     120      魔龙战将        150     20     60
64     140     120      魔龙力士        150     20     60
64     140     120      魔龙巨蛾        150     20     60

65     222     117     魔龙力士      20      20     10
65     222     117     魔龙战将      20      20     10
65     222     117     魔龙巨蛾      20      20     10
65     222     117     魔龙射手      20      20     10
65     127     65      魔龙力士      50      20     10
65     127     65      魔龙战将      50      10     10
65     127     65      魔龙巨蛾      50      20     10
65     127     65      魔龙射手      50      20     10
65     97     117      魔龙力士      30      10     10
65     97     117      魔龙战将      30      20     10
65     97     117      魔龙巨蛾      30      20     10
65     97     117      魔龙射手      30      20     10
65     100    100      魔龙力士      100     20     10
65     100    100      魔龙战将      100     10     10
65     100    100      魔龙巨蛾      100     20     10
65     100    100      魔龙射手      100     20     10

66     150     150     魔龙射手      150      50     15
66     150     150     魔龙刀兵      150      30     10
66     150     150     魔龙破甲兵    150      30     11
66     150     150     魔龙战将      150      30     10
66     150     150     魔龙力士      150      30     10
66     150     150     魔龙巨蛾      150      30     10
66     213     56      魔龙教主       0       1     240  -  254

EM100   14     16      魔龙教主4      5       1    180
EM100   14     16      魔龙射手       5       10   3
EM100   14     16      魔龙刀兵       5       5    3
EM100   14     16      魔龙破甲兵     5       5    3

;地图名：万恶之源
D10071   17  21   幻影蜘蛛王       0       1     180
D10071   21  19   暗之虹魔教主     10      1     120
D10071   21  19   暗之骷髅精灵     10      1     120
D10071   21  19   暗之双头金刚     10      1     120
D10071   21  19   暗之沃玛教主     10      1     120
D10071   21  19   暗之黄泉教主     10      1     120
D10071   21  19   暗之双头血魔     10      1     120
D10071   21  19   重装使者         10      1     180
D10071   21  19   月魔蜘蛛0        15      5     10
D10071   21  19   钢牙蜘蛛0        20      5     10
D10071   21  19   天狼蜘蛛0        20      5     10
D10071   21  19   黑锷蜘蛛0        20      5     10
D10071   21  19   花吻蜘蛛0        20      5     10
D10071   21  19   巨毒蜘蛛0        20      5     10
;-----------------------------------------------------
;地图名：火龙巢穴
D2081	323	46	龙邪虎蛇	100	20	20
D2081	312	160	龙邪虎蛇	100	20	20
D2081	239	167	龙邪虎蛇	100	20	20
D2081	35	53	龙邪虎蛇	100	20	20
D2081	83	192	龙邪虎蛇	100	20	20
D2081	374	245	龙邪虎蛇	100	20	30
D2081	240	311	龙邪虎蛇	100	20	30
D2081	124	275	龙邪虎蛇	100	20	30
D2081	175	367	龙邪虎蛇	100     20	30
D2081	267	121	龙邪蜥蜴	100	25	20
D2081	162	110	龙邪蜥蜴	100	15	30
D2081	92	43	龙邪蜥蜴	100	25	20
D2081	77	273	龙邪蜥蜴	100	25	30
D2081	286	329	龙邪蜥蜴	100	25	30
D2081	113	226	龙邪红蛇	100	20	30
D2081	205	281	龙邪红蛇	100	20	30
D2081	196	223	龙邪红蛇	100	20	20
D2081	300	361	龙邪红蛇	100	20	20
D2081	215	118	龙邪红蛇	100	20	30
D2081	377	183	龙邪红蛇	100	20	20
D2081	21	230	龙邪红蛇	100	20	30
D2081	254	262	龙邪红蛇	100	20	30
D2081	163	228	龙邪蜘蛛	100	20	30
D2081	318	139	龙邪蜘蛛	100	20	30
D2081   191     207     龙邪蜘蛛        200     20      20


;火龙地带
D2082 203 176  龙邪虎蛇   200 100  10
D2082 203 176  龙邪红蛇   200 100  10
D2082 203 176  龙邪蜘蛛   200 100  10
D2082 203 176  龙邪蜥蜴   200 100  10

;火龙巢穴
D2083 50 50    龙邪蜘蛛   30   15   10
D2083 50 50    龙邪蜥蜴   30   15   10
D2083 50 50    龙邪将军   30   20   10
D2083 83 42    龙邪教主   0    1    240

2 330 253   骷髅战将   200  50  20
2 168 290   骷髅战将   200  50  20
2 330 253   骷髅战士   200  50  20
2 351 278   骷髅战士   200  50  20
2 368 114   骷髅精灵   200  100	 10

D608   10    10   跳跳蜂王    15   1    180
D608   10    10   邪恶钳虫1   20   20   5

R001   100   100  万年树妖   1    1    180
H106   165   45    雪人王    0	  1    180

12     200  200   半兽人      200  50   20
12     100  100   半兽人      200  50   20
12     200  200   半兽战士    200  50   20
12     100  100   半兽战士    200  50   20
12     200  200   半兽勇士    200  50   20
12     100  100   半兽勇士    200  50   20

Q004    14   13    兽王统领   5     1    10

G012    21   22    飞尔牌刷怪机  0   1   10
G012    21   39    飞尔牌刷怪机  0   1   10
G012    21   55    飞尔牌刷怪机  0   1   10
G012    56   23    飞尔牌刷怪机  0   1   10
G012    56   39    飞尔牌刷怪机  0   1   10
G012    56   56    飞尔牌刷怪机  0   1   10

D2010   155   231   洞蛆         200 50  5

D2001   206  197    山洞蝙蝠     50  10  3
D2001   216  156    山洞蝙蝠     50  10  3
D2001   154  227    山洞蝙蝠     50  10  3
D2001   113  136    山洞蝙蝠     50  10  3
D2001   81   84     山洞蝙蝠     50  10  3

D2003   92   134    楔蛾         50  10  3
D2003   182  206    楔蛾         50  10  3
D2003   242  235    楔蛾         50  10  3

E404    55      44      山庄矿工        40      50      10
E404    45      12      藏剑庄主        0        1      30

B010	24	15	小姐奴婢	20	10	10
B010	25	28	小姐奴婢	20	10	10
B010	43	53	小姐奴婢	20	10	10
B010	19	83	小姐奴婢	20	10	10
B010	40	80	小姐奴婢	20	10	10
B010	56	62	小姐奴婢	20	10	10
B010	69	75	小姐奴婢	20	10	10
B010	72	50	小姐奴婢	20	10	10
B010	73	30	小姐奴婢	20	10	10
B010	21	56	小姐奴婢	20	10	10
B010	65	33	藏剑庄主	0	1	30

GA2	19	32	护院家丁	20	50	10
GA2	15	32	藏剑庄主	0	1	30

D71601	26	37	山庄教头	10	20	10
D71601	39	28	山庄教头	10	20	10
D71601	16	28	山庄教头	10	20	10
D71601	22	28	藏剑庄主	0	1	30

D2002	23	28	藏剑长老	20	50	10
D2002	7	30	藏剑庄主	0	1	30

GA0	87	90	神秘客	        30	50	10
GA0	71	72	神秘客	        30	50	10
GA0	56	57	神秘客	        30	50	10
GA0	124	130	藏剑庄主1        0	1	60

GA1     20      30      九绝剑魔          5      1      180
GA1     20      30      藏剑长老         10      5      5
GA1     20      30      山庄教头         10      5      5
GA1     20      30      护院家丁         10      5      5
GA1     20      30      小姐奴婢         10      5      5

EM022    14      16      龙邪将军         1       4      60
EM022    14      16      伏魔法神男       1       1      60
EM022    14      16      光芒道士男       1       2      60

EM023    14      16      魔龙战将         1       4      10
EM023    14      16      魔龙力士         1       4      10
EM023    14      16      魔龙巨蛾         1       4      10
EM023    14      16      伏魔法神女       1       1      30

EM024    14      16      祖玛教主         1       2      60
EM024    14      16      光芒道士女       1       1      10

EM025    14      16      千年树妖         1       2      60
EM025    14      16      圣魔法魂女       1       2      60

EM026    14      16      龙邪虎蛇         1       2      10
EM026    14      16      龙邪红蛇         1       2      10
EM026    14      16      武魂战将男       1       2      30
EM026    14      16      龙邪蜥蜴         1       2      10
EM026    14      16      龙邪蜘蛛         1       2      10

EM027    14      16      真魂道狂男       1       2      60
EM027    14      16      双头金刚         1       2      60
EM027    14      16      双头血魔         1       2      60

EM028    14      16      黄泉教主         1       2      30
EM028    14      16      牛魔王8          1       2      30
EM028    14      16      幽冥统领         1       1      60

EM029    14      16      虹魔猪卫         1       3      20
EM029    14      16      虹魔教主         1       2      60

EM030    14      16      暗之触龙神8      1       1      10
EM030    14      16      重装使者         1       2      60
EM030    14      16      武魂战将男       1       2      30
EM030    14      16      魔龙教主         1       1      120

EM031    14      16      蛙神             1       1      120
EM031    14      16      青蛙3            1       5      50
EM031    14      16      伏魔法神女       1       2      50

EM032    14      16      圣魔法魂女       1       3      90
EM032    14      16      武魂战将男       1       3      90
EM032    14      16      黄泉教主         1       2      90

EM033    14      16      赤月恶魔         1       1      60
EM033    14      16      暗之赤月恶魔     1       2      60

EM034    14      16      变异双头金刚     1       2      60
EM034    14      16      伏魔法神女       1       2      30
EM034    14      16      变异双头血魔     1       2      60

N111    32     37       雷霆战士男         50      5     10
N111    32     37       雷霆战士女         50      5     10
N111    32     37       烈焰法师男         50      5     10
N111    32     37       烈焰法师女         50      5     10
N111    32     37       光芒道士男         50      5     10
N111    32     37       光芒道士女         50      3     10

N112    37     36       战神勇士男         50      3     10
N112    37     36       战神勇士女         50      3     10
N112    37     36       圣魔法魂男         50      3     10
N112    37     36       圣魔法魂女         50      3     10
N112    37     36       真魂道狂男         50      5     10
N112    37     36       真魂道狂女         50      3     10

N113    36     33       武魂战将男         50      3     10
N113    36     33       武魂战将女         50      3     10
N113    36     33       伏魔法神男         50      3     10
N113    36     33       伏魔法神女         50      3     10
N113    36     33       灵玉道尊男         50      5     10
N113    36     33       灵玉道尊女         50      3     10

N108    36     27       精灵道仙男         50      5     10
N108    36     27       精灵道仙女         50      3     10
N108    36     27       精灵法尊男         50      3     10
N108    36     27       精灵法尊女         50      3     10
N108    36     27       精灵战圣男         50      3     10
N108    36     27       精灵战圣女         50      3     10

N114    45     45       武魂战将男         50      2     10
N114    45     45       武魂战将女         50      2     10
N114    45     45       伏魔法神男         50      2     10
N114    45     45       伏魔法神女         50      2     10
N114    45     45       灵玉道尊男         50      2     10
N114    45     45       灵玉道尊女         50      2     10
N114    45     45       战神勇士男         50      2     10
N114    45     45       战神勇士女         50      2     10
N114    45     45       圣魔法魂男         50      2     10
N114    45     45       圣魔法魂女         50      2     10
N114    45     45       精灵道仙男         50      2     10
N114    45     45       精灵道仙女         50      2     10
N114    45     45       精灵法尊男         50      2     10
N114    45     45       精灵法尊女         50      2     10
N114    45     45       精灵战圣男         50      2     10
N114    45     45       精灵战圣女         50      1     10
N114    19     85       传奇之王仙男       0       1     180
N114    24     85       传奇之王魔男       0       1     180
N114    22     85       传奇之王圣男       0       1     180
N114    52     41       传奇之王仙女       0       1     180
N114    55     41       传奇之王魔女       0       1     180
N114    58     41       传奇之王圣女       0       1     180

D10054  33     25       地狱蛤蟆         100      10    16
D10054  33     25       地狱粪虫         100      10    16
D10054  33     25       地狱老鼠         100      30    16
D10054  40     40       地狱蛤蟆         100      10    16
D10054  40     40       地狱粪虫         100      10    16
D10054  40     40       地狱老鼠         100      30    16

D2002A  23     28       地狱魔兽         15       5     120

D501    230    176      月魔蜘蛛0        200     30      15
D501    230    176      钢牙蜘蛛0        200     30      15
D501    230    176      天狼蜘蛛0        200     30      15
D501    230    176      黑锷蜘蛛0        200     30      15
D501    230    176      花吻蜘蛛0        200     30      10
D501    230    176      巨毒蜘蛛0        200     30      10
D501    230    176      沙虫             200     50      15
D501    230    176      多角虫           200     50      15
D501    230    176      盔甲虫           200     50      15
D501    230    176      威思而小虫       200     50      15
D501    230    176      巨型多角虫       200     2       120   -  249

N101    40      45      青蛙1            30      20      20
N101    23      76      青蛙1            30      20      20
N101    63      37      青蛙1            30      20      20
N101    20      60      青蛙王子         30      3       10  -  251

N102    60      30      青蛙2            150     80      20
N102    20      60      青蛙王子         150      3      10  -  251

N104    55      45      青蛙3            200     80      20
N104    55      45      青蛙王子         200      3      10  -  251

N107    33      33      青蛙4            150     80      20
N107    33      33      青蛙王子         150      3      10  -  251

N109    35      30      青蛙1            100     50      20
N109    35      30      青蛙2            100     40      20
N109    35      30      青蛙3            100     40      20
N109    35      30      青蛙4            100     40      20
N109    35      30      蛙神             20      1       120  -  251

Hero1  130      130    斩浪（卧龙）      150     30       10
Hero1  130      130    风云（卧龙）      150     30       10
Hero1  130      130    新月（卧龙）      150     30       10
Hero1  130      130    御风（卧龙）      150     30       10
Hero1  130      130    青城（卧龙）      150     30       10
Hero1  130      130    飞鸿（卧龙）      150     30       10
Hero1  130      130    卧龙战将          150     20       30  -  250
Hero1  130      130    卧龙魔将          150     20       30  -  254
Hero1  130      130    卧龙道将          150     20       30  -  252
Hero1  135      135    卧龙庄主           0      1        180  -  256
Hero1  135      135    独孤求败           5      1        200  -  256
Hero1  131      137    卧龙庄主夫人       0      1        180  -  256
Hero1  130      130    卧龙守将          100     5        30  -  256
Hero1   60     180     卧龙守将          1       1        30  -  256
Hero1   191    190     卧龙守将          1       1        30  -  256
Hero1   95     139     卧龙守将          1       1        30  -  256
Hero1   146    92      卧龙守将          1       1        30  -  256
Hero1   220    60      卧龙守将          1       1        30  -  256

GA5	87	90	金鸡	        30	50	30
GA5	71	72	恶狼	        30	50	30
GA5	71	72	肥羊	        30	50	30
GA5	56	57	恐龙	        30	50	30
GA5	124	130	蛤蟆            30	50	30

GA6     20      30      幸运鹿         5      1      180  -  256

K001   155      150     幸运鹿          150     1       180
K001   155      150 	金鸡	        150	10      60
K001   155      150 	恶狼	        150	10	60
K001   155      150 	肥羊	        150	10	60
K001   155      150 	恐龙	        150	10	60
K001   155      150 	蛤蟆            150	10	60
K001   155      150    威思而小虫       150     20      30
K001   155      150    盔甲虫           150     20      30
K001   155      150    多角虫           150     20      30
K001   155      150    白野猪           150     20      30
K001   155      150    地狱老鼠         150     20      30
K001   155      150    地狱粪虫         150     20      30